873 638
873 638
873 638
873 638
873 638
873 638
873 638
873 638
873 638
873 638
873 638
873 638
873 638
873 638
873 638
873 638
873 638
873 638
873 638
873 638
874 638
875 637
883 634
900 627
911 622
920 620
934 613
935 612
936 611
936 611
936 611
936 611
936 611
936 611
936 611
936 611
940 610
942 608
944 606
945 606
945 606
946 605
949 605
950 604
951 604
952 603
956 602
958 600
962 598
969 596
978 589
984 588
984 586
985 584
986 584
986 583
987 583
987 583
987 583
987 583
987 583
987 583
987 583
987 583
987 583
987 583
987 583
987 583
987 583
987 583
987 583
987 583
987 583
987 583
987 583
987 583
987 582
987 582
987 582
987 582
986 580
986 579
985 578
984 578
984 578
983 578
983 577
983 577
983 577
983 577
983 577
983 577
983 577
983 577
983 577
983 577
983 576
983 575
982 572
980 571
980 570
979 569
979 569
979 568
979 567
978 566
978 566
978 566
978 565
978 565
978 564
977 564
977 563
977 563
977 563
977 563
977 562
975 560
974 558
973 558
972 557
971 556
969 553
965 551
963 550
960 547
958 544
956 542
953 541
951 541
950 539
949 538
949 537
948 536
947 536
947 535
946 535
946 534
946 533
945 533
944 533
943 533
943 532
943 532
943 532
942 532
942 531
941 531
941 531
941 531
941 531
941 531
941 531
941 531
941 531
941 531
941 531
941 531
941 531
941 531
941 531
941 531
941 531
941 531
941 531
941 531
941 531
941 531
941 531
941 531
941 531
941 531
941 531
941 531
941 531
941 531
941 531
941 531
941 531
941 531
941 531
941 531
941 531
941 531
941 531
941 531
941 531
938 525
933 522
931 519
929 516
929 515
929 515
929 515
929 515
928 515
928 515
928 515
928 515
928 515
928 515
928 515
928 515
928 515
928 515
928 515
928 514
923 511
922 508
919 505
917 504
914 503
913 503
912 502
912 502
912 502
912 502
912 502
911 500
910 498
909 497
909 496
908 496
907 495
905 495
904 493
902 491
901 490
901 489
899 488
895 487
893 485
891 484
890 481
886 478
886 477
884 476
883 475
882 474
879 470
873 464
870 459
867 455
866 454
866 453
865 453
865 452
864 451
863 446
862 442
861 438
859 431
858 426
857 423
857 421
856 420
855 420
855 420
855 420
855 418
854 416
854 414
853 412
852 411
852 409
850 409
849 405
849 404
847 402
846 401
845 400
845 400
844 400
844 399
841 398
841 396
839 394
835 390
833 388
831 386
830 383
827 382
824 381
823 380
822 380
822 379
822 379
821 377
818 376
817 375
816 374
816 374
816 374
816 373
815 373
815 372
813 372
812 371
812 371
812 371
812 371
812 371
812 371
812 370
813 370
813 370
813 370
814 369
816 366
818 365
820 364
820 362
822 360
824 358
830 357
833 354
840 348
849 345
852 339
858 335
859 332
861 330
862 328
864 326
865 323
867 322
870 320
871 318
871 317
873 316
874 315
875 312
877 311
881 309
884 306
888 298
891 296
893 295
894 291
895 289
895 289
895 289
895 289
895 289
895 289
896 289
896 289
896 289
896 289
896 288
896 288
896 288
896 288
896 288
896 288
896 288
895 288
895 288
895 288
894 288
893 288
893 289
893 289
892 289
892 289
892 289
892 289
889 289
887 289
885 289
880 288
879 288
878 288
876 288
874 288
872 288
868 288
862 286
856 285
850 285
848 285
846 285
845 285
845 285
844 285
844 285
843 285
842 284
840 284
839 284
837 284
837 284
836 284
835 284
832 284
830 284
827 283
823 283
821 283
819 283
818 283
817 283
816 282
816 282
816 282
816 282
816 282
816 282
816 282
816 282
816 282
816 282
816 282
816 282
816 282
816 282
816 282
816 282
816 282
816 283
818 285
822 291
825 292
825 292
825 292
825 293
826 295
827 296
828 297
831 299
832 302
833 304
835 306
837 310
838 313
840 313
840 314
841 314
841 314
843 316
845 317
846 320
850 324
855 328
857 331
859 333
863 335
865 344
868 348
871 355
876 364
883 373
891 381
897 391
897 397
901 402
903 403
904 405
904 406
905 407
906 407
908 409
911 413
914 421
922 428
928 439
937 449
943 459
948 464
948 466
949 469
950 470
950 472
950 474
950 476
949 478
949 480
947 482
945 487
945 489
944 490
944 491
942 492
942 494
941 496
940 498
939 499
939 500
939 500
937 501
937 501
936 501
935 501
934 502
933 504
932 506
932 508
929 509
926 517
925 518
925 519
925 519
925 519
924 519
924 520
921 521
920 525
919 528
911 534
908 538
908 540
907 541
907 541
906 541
906 541
905 541
904 541
903 543
900 546
898 549
891 551
889 554
881 561
875 565
870 570
864 574
852 581
837 592
819 603
805 612
796 621
793 621
791 624
787 627
783 630
781 631
781 632
781 632
781 632
780 632
780 632
780 632
780 632
780 632
780 632
780 632
780 632
780 632
780 632
780 632
780 632
780 632
780 632
780 632
780 632
780 632
780 632
780 632
780 632
780 632
780 632
780 632
781 632
782 636
786 641
789 645
791 650
793 654
798 658
803 666
811 674
819 678
828 682
833 689
838 690
840 691
844 694
851 698
860 701
871 704
876 705
879 705
882 705
887 705
892 706
895 705
897 705
900 706
905 705
915 702
934 694
951 687
966 680
973 677
983 673
990 668
997 667
1001 663
1006 662
1016 654
1030 645
1046 636
1068 618
1093 604
1117 591
1123 587
1125 584
1125 584
1125 584
1125 584
1125 584
1124 582
1124 582
1124 582
1123 582
1121 581
1121 579
1120 578
1120 577
1120 577
1120 577
1119 577
1119 577
1119 577
1119 577
1119 577
1119 577
1119 577
1119 576
1119 576
1119 576
1119 576
1119 576
1119 576
1119 576
1119 576
1118 576
1118 575
1118 575
1118 575
1118 575
1118 575
1118 575
1118 575
1118 575
1118 575
1118 575
1118 575
1118 574
1118 574
1118 574
1118 574
1118 574
1118 574
1118 574
1118 574
1118 574
1118 574
1118 574
1118 574
1118 574
1118 574
1118 574
1118 574
1118 574
1118 574
1118 574
1118 574
1118 574
1118 574
1119 574
1119 574
1119 574
1119 575
1119 575
1119 575
1119 575
1119 575
1119 575
1119 575
1119 575
1119 575
1119 575
1119 575
1119 575
1119 576
1119 576
1119 576
1119 576
1119 576
1119 576
1119 576
1119 576
1119 576
1119 576
1119 576
1119 576
1119 576
1119 576
1119 576
1119 577
1119 578
1119 580
1119 581
1119 581
1119 581
1119 581
1119 581
1119 581
1119 581
1119 581
1119 582
1119 583
1120 583
1120 584
1121 585
1121 586
1120 587
1120 587
1120 588
1120 589
1119 590
1119 591
1118 591
1118 592
1118 592
1118 593
1118 593
1118 593
1118 593
1118 593
1118 595
1115 599
1115 602
1116 603
1116 606
1116 606
1116 606
1116 607
1116 607
1116 607
1116 607
1116 607
1116 607
1116 607
1116 607
1116 607
1116 607
1116 607
1116 607
1116 607
1116 607
1116 607
1116 608
1116 608
1116 608
1116 608
1116 608
1116 608
1116 608
1116 608
1116 608
1116 608
1116 608
1116 610
1116 613
1116 615
1115 616
1117 618
1117 619
1117 620
1117 620
1117 621
1117 621
1117 621
1117 621
1117 621
1117 622
1117 622
1116 622
1116 623
1116 624
1117 626
1117 626
1117 626
1117 627
1117 627
1116 628
1116 628
1116 629
1116 629
1116 629
1116 629
1116 630
1116 630
1117 632
1117 633
1117 633
1117 635
1117 637
1116 639
1116 640
1116 641
1116 641
1117 642
1117 642
1117 642
1117 642
1117 642
1117 642
1116 644
1116 645
1116 646
1116 647
1117 648
1117 649
1117 651
1116 653
1116 654
1116 655
1116 655
1116 655
1116 655
1116 655
1116 655
1116 656
1117 656
1117 656
1118 656
1118 657
1118 657
1118 657
1118 658
1118 658
1118 658
1118 660
1118 662
1119 664
1119 665
1119 665
1120 666
1120 666
1120 667
1120 667
1120 667
1120 667
1120 669
1122 673
1122 676
1123 681
1125 686
1126 689
1126 692
1127 693
1127 694
1127 694
1127 694
1127 695
1127 695
1127 695
1127 695
1127 695
1127 695
1127 695
1127 696
1127 697
1128 701
1128 703
1128 704
1128 707
1128 708
1128 710
1128 711
1128 712
1127 712
1127 713
1127 713
1127 714
1127 715
1127 716
1128 718
1127 720
1127 721
1127 722
1127 722
1127 722
1127 723
1128 723
1128 723
1128 723
1128 723
1128 723
1128 723
1128 724
1128 724
1128 724
1128 727
1127 729
1127 729
1127 729
1127 730
1127 730
1128 730
1128 731
1129 731
1129 733
1130 734
1130 737
1130 738
1130 740
1130 741
1130 741
1130 742
1130 742
1130 742
1130 742
1130 742
1130 743
1129 744
1129 745
1128 746
1128 747
1127 747
1127 747
1127 747
1127 747
1127 747
1127 747
1127 747
1127 747
1127 747
1127 747
1126 747
1126 748
1126 748
1126 748
1126 748
1126 748
1126 748
1126 748
1126 748
1126 748
1126 748
1126 748
1125 748
1124 748
1123 748
1123 747
1123 747
1123 747
1123 747
1123 747
1123 747
1123 746
1123 746
1123 745
1123 744
1123 744
1123 743
1123 743
1123 742
1122 742
1122 742
1122 741
1121 741
1120 739
1117 737
1114 734
1108 729
1103 725
1100 721
1095 720
1089 719
1083 717
1078 716
1070 715
1060 713
1047 710
1036 708
1026 705
1014 702
1009 701
1001 700
996 699
991 697
983 692
973 690
967 685
957 679
943 670
929 663
910 656
901 653
894 650
888 642
875 639
863 632
851 625
839 620
836 618
834 617
833 615
826 614
820 610
810 602
800 596
780 586
761 577
738 568
720 561
709 555
701 551
685 544
676 541
667 534
653 529
645 521
629 516
623 508
611 503
608 500
607 498
605 497
603 497
600 493
592 489
586 483
574 476
562 469
552 463
541 456
535 452
532 452
532 451
530 450
530 450
529 450
528 449
527 449
525 449
525 449
525 449
525 449
524 449
524 449
524 449
524 449
524 448
524 448
524 447
520 446
516 444
514 443
513 443
511 443
509 441
507 441
506 440
505 439
503 438
501 436
498 436
498 436
498 436
498 436
498 436
498 436
498 436
497 436
497 436
497 436
497 436
497 436
497 436
495 436
494 436
494 436
493 435
492 434
488 433
483 432
482 431
481 431
481 431
481 431
481 431
481 431
481 431
480 431
480 431
478 431
477 430
475 429
475 428
475 428
474 427
473 427
471 426
470 425
467 424
465 424
464 423
463 422
462 422
462 422
462 422
462 422
462 422
462 421
462 421
460 420
458 419
456 417
453 415
452 413
449 411
447 409
444 407
443 406
442 405
440 404
439 403
437 402
437 402
437 402
437 402
437 402
437 402
437 402
436 402
436 402
436 402
435 401
435 401
434 400
434 400
434 400
433 400
432 400
431 399
431 399
431 398
431 398
431 398
431 398
431 398
431 398
430 398
430 398
430 398
430 398
430 398
430 398
430 398
430 398
430 398
430 398
430 398
430 398
430 398
430 398
430 398
430 398
430 398
430 398
430 398
430 398
430 398
430 398
430 398
430 398
430 398
430 398
430 398
430 398
430 398
430 398
430 398
430 398
430 398
430 398
430 398
430 398
430 398
430 398
430 398
430 398
430 398
430 398
430 398
430 398
430 398
430 398
430 398
430 398
430 398
430 398
430 398
430 398
430 398
430 398
430 398
430 398
430 398
430 398
430 398
430 398
430 398
430 398
430 398
430 398
430 398
430 398
430 398
430 398
430 398
430 398
430 398
430 398
430 398
430 398
430 398
430 398
430 398
430 398
430 398
430 398
430 398
430 398
430 398
430 398
430 398
430 398
430 398
430 398
430 398
430 398
430 398
430 398
430 398
430 398
430 398
430 398
430 398
430 398
430 398
430 398
430 398
430 398
430 398
430 398
430 398
430 398
430 398
430 398
430 398
430 398
430 398
430 398
430 398
430 398
430 398
430 398
430 398
430 398
430 398
430 398
430 398
430 398
430 398
430 398
430 398
430 398
430 398
430 398
430 398
430 398
430 398
430 398
430 398
430 398
430 398
430 398
430 398
430 398
430 398
430 398
430 398
430 398
430 398
430 398
430 398
430 398
430 398
430 398
430 398
430 398
430 398
430 398
430 398
430 398
430 398
430 398
430 398
430 398
430 398
430 398
430 398
430 398
428 398
426 395
419 392
411 390
408 389
407 388
407 388
407 388
407 388
407 388
405 385
403 384
403 383
401 382
398 379
390 376
379 372
363 365
356 361
348 355
339 350
313 332
310 332
309 332
304 330
301 326
299 324
298 324
296 323
290 322
289 320
289 319
288 318
288 317
287 315
286 314
283 313
279 307
275 303
267 299
256 292
248 286
239 283
234 278
228 274
222 271
221 271
220 271
220 271
220 271
220 271
220 271
220 270
220 270
220 270
220 270
220 270
220 270
220 270
220 270
220 270
220 270
220 270
220 270
220 270
220 270
220 270
220 270
220 270
220 270
220 270
220 270
220 270
220 270
220 270
220 270
220 270
220 270
220 270
220 270
220 270
220 270
220 270
220 270
220 270
220 271
220 271
220 271
220 271
220 271
220 271
220 271
220 271
220 271
220 271
220 271
220 271
220 271
220 271
220 271
220 271
220 271
220 271
220 271
220 271
220 271
220 271
220 271
220 271
220 271
220 271
220 271
220 271
220 272
220 272
220 272
220 272
220 272
220 272
220 272
220 272
220 272
220 272
220 272
220 272
220 272
220 272
219 272
219 272
219 272
219 272
219 272
219 272
219 272
219 272
219 272
219 272
219 272
219 273
218 277
216 280
216 281
215 282
215 282
215 283
215 283
215 283
215 283
215 283
215 283
215 283
215 283
215 283
215 283
215 283
215 283
215 283
215 283
215 283
215 283
215 283
215 283
215 283
215 283
215 283
215 283
215 284
215 284
215 284
213 286
212 292
212 293
212 295
212 295
212 296
212 297
212 297
212 297
212 297
212 297
212 297
212 297
212 297
212 297
212 297
212 297
212 298
212 298
212 298
212 298
212 298
212 298
212 298
212 298
212 298
212 298
212 300
212 302
211 304
211 304
211 305
211 305
211 305
211 306
211 306
211 306
211 306
211 306
211 306
211 306
211 306
211 306
211 306
211 306
211 306
211 306
211 306
211 306
211 306
211 306
211 306
211 306
211 306
211 306
211 306
211 306
211 306
211 306
211 306
211 306
211 306
211 306
211 307
212 308
212 309
212 310
212 310
212 310
212 311
212 311
212 311
212 311
212 311
212 311
212 311
212 311
212 311
212 311
212 311
212 311
212 311
212 311
212 311
212 311
212 311
212 311
212 311
212 311
212 311
212 311
212 311
212 311
212 311
212 311
212 311
212 311
212 311
212 312
212 313
212 315
212 316
212 317
212 317
212 317
212 317
211 317
211 317
211 318
211 318
211 319
211 319
211 320
211 320
211 320
211 320
211 320
211 320
211 320
211 320
211 320
211 320
211 320
211 320
211 320
211 321
211 321
211 321
211 321
211 321
211 321
211 321
211 321
211 321
211 321
211 321
211 321
211 321
211 321
211 321
211 321
211 321
211 321
211 322
211 322
211 323
211 323
210 323
210 324
209 325
209 325
209 325
209 325
209 326
209 327
209 329
206 330
206 331
206 332
206 333
205 334
204 339
203 340
202 342
202 342
202 342
201 342
201 343
201 343
201 343
200 344
200 345
199 345
199 346
198 347
197 347
197 349
196 351
196 352
196 352
196 352
196 353
196 353
196 353
196 353
196 353
196 353
196 353
196 353
196 353
196 354
196 356
193 360
192 362
191 365
190 368
190 368
190 370
190 370
189 370
189 372
189 372
189 372
189 372
189 372
189 372
189 372
189 372
189 372
189 372
189 372
189 372
189 372
189 372
189 372
188 372
188 373
188 373
187 375
187 376
187 377
186 379
186 379
186 380
186 380
185 381
185 382
183 384
183 385
183 386
182 387
182 387
182 387
182 387
182 387
182 387
181 388
181 388
181 389
180 391
180 394
179 395
179 396
178 398
178 400
178 400
178 400
177 401
177 401
177 402
176 402
176 403
176 405
176 407
176 408
175 409
175 410
175 411
175 411
175 412
175 412
175 412
175 413
174 413
174 414
174 414
173 415
173 416
173 417
173 417
173 418
173 418
173 418
173 418
173 418
173 418
173 419
173 419
173 420
173 420
173 421
173 421
173 423
173 424
173 427
173 429
173 433
173 434
173 436
173 437
173 437
173 437
173 437
173 437
173 438
173 438
173 438
173 438
173 439
173 439
173 439
174 440
174 440
174 442
173 443
173 443
174 444
174 446
174 447
174 448
174 449
174 450
174 451
174 452
174 456
174 457
174 458
174 458
174 458
174 459
174 459
174 460
174 463
175 466
174 467
174 469
175 471
175 472
175 473
175 473
175 473
175 473
175 473
175 473
175 473
175 473
175 473
175 473
175 473
175 473
175 473
175 474
175 474
175 474
175 475
175 478
176 481
176 482
176 482
176 483
175 485
175 485
175 486
175 486
175 486
175 487
175 487
175 488
175 488
175 488
175 489
174 490
174 490
174 490
174 491
174 491
174 491
174 491
174 491
174 491
174 492
174 493
174 496
175 497
175 498
175 499
175 499
175 501
175 502
175 503
175 504
175 505
176 506
176 507
176 508
176 508
176 510
176 510
176 512
176 512
176 512
177 512
177 513
177 513
177 513
177 514
177 514
177 514
177 514
176 515
176 518
176 519
176 520
176 521
176 522
176 523
176 524
175 525
175 526
175 527
175 527
174 529
174 529
174 530
173 531
173 531
173 532
173 532
173 532
173 532
173 532
172 532
172 532
172 532
172 532
172 532
172 532
172 532
172 533
172 533
172 533
172 533
172 533
172 534
172 534
172 534
171 535
170 538
168 539
168 540
167 542
166 545
165 548
163 551
162 553
162 555
162 556
162 556
162 556
162 557
162 557
162 558
162 558
162 559
162 560
162 562
162 563
161 564
161 566
161 570
161 571
161 573
161 577
161 580
161 583
161 585
160 590
161 591
161 591
161 592
161 592
161 593
161 593
161 593
158 593
157 594
157 595
156 595
156 596
156 596
156 597
156 597
156 597
156 597
156 597
155 599
154 602
154 603
153 604
153 604
153 605
153 606
153 608
153 609
153 609
153 609
153 610
153 610
153 611
153 612
153 614
153 616
153 618
153 621
153 622
153 624
153 625
153 626
153 626
153 626
153 627
153 627
153 627
153 627
153 629
153 630
151 634
151 636
152 638
152 639
152 640
152 641
152 641
152 642
152 643
152 645
152 645
152 646
152 646
152 646
152 646
152 647
152 647
152 647
152 647
152 647
152 647
152 647
152 647
152 647
152 647
152 647
152 647
152 647
152 647
152 647
152 647
152 647
152 647
152 647
152 647
152 647
152 647
152 647
152 647
152 647
152 647
152 647
152 647
152 647
152 647
152 647
152 647
152 647
152 647
152 647
152 647
152 647
152 647
152 647
152 647
152 647
152 647
152 647
152 647
152 647
152 647
152 647
152 647
152 647
152 647
152 647
152 647
152 647
152 647
152 647
152 647
152 647
152 647
152 647
152 647
152 647
152 647
152 647
152 647
152 647
152 647
152 647
152 647
152 647
152 647
152 647
152 647
152 647
152 647
152 647
152 647
152 647
152 647
152 647
152 647
152 647
152 647
152 647
152 647
152 647
152 647
152 647
152 647
152 647
152 647
156 645
171 636
207 619
269 591
323 569
352 553
369 541
383 528
400 517
424 501
451 483
479 467
513 445
555 421
599 391
641 361
669 343
677 337
677 335
677 335
677 335
677 335
677 335
676 335
676 335
676 335
676 335
676 335
676 335
676 335
676 335
676 335
676 335
676 335
676 335
676 335
676 335
676 335
676 335
676 335
676 335
676 335
676 335
676 335
676 335
676 335
676 335
676 335
676 335
676 335
676 335
676 335
676 335
676 335
676 335
676 335
676 335
676 335
676 335
676 335
676 335
676 335
676 335
676 335
676 335
676 335
676 335
676 335
676 335
676 335
676 335
676 335
676 335
676 335
676 335
676 335
676 335
676 335
676 335
676 335
676 335
676 335
676 335
676 335
676 335
676 335
677 337
679 341
680 342
681 343
682 343
682 344
683 344
683 345
684 347
684 348
684 348
684 349
685 350
685 350
686 352
688 353
690 356
690 357
691 358
692 358
693 359
694 360
694 361
694 361
695 361
695 362
696 363
697 364
697 365
697 365
697 367
698 368
700 368
701 369
701 369
701 369
702 369
702 369
702 369
702 369
702 369
702 369
702 369
702 369
702 369
702 369
702 369
702 369
702 369
702 369
702 369
702 369
702 369
702 369
702 369
702 369
702 369
702 369
702 369
702 369
702 369
702 369
702 369
702 369
702 369
702 369
702 369
702 369
702 369
702 369
702 369
702 369
702 369
702 369
702 369
703 369
703 369
703 369
703 369
703 370
704 371
705 373
707 374
711 377
717 377
720 378
723 380
724 381
726 381
726 381
727 381
728 381
728 381
728 381
729 381
730 381
732 381
733 382
735 382
736 382
737 383
738 383
738 383
739 383
740 383
741 384
743 384
745 385
745 385
746 385
747 385
747 385
748 385
748 385
748 385
748 385
748 385
749 385
749 385
749 385
749 385
749 385
749 385
749 385
750 385
750 385
750 385
750 386
751 387
755 388
758 389
759 389
759 389
759 389
760 390
761 390
762 390
762 390
762 390
762 390
763 390
763 390
763 390
764 390
765 390
766 390
767 390
771 391
772 391
775 391
779 392
783 394
786 394
788 395
788 395
788 395
790 395
790 395
790 395
791 395
791 395
791 395
791 395
791 395
791 395
791 395
791 395
792 395
792 395
792 395
792 395
792 395
792 395
792 395
792 395
792 395
793 397
796 397
798 397
803 398
806 398
810 398
812 398
816 398
819 398
820 398
821 398
821 398
821 398
821 398
821 398
822 398
822 397
822 397
822 397
822 397
822 397
822 397
822 397
822 397
822 397
822 397
822 397
823 397
823 397
824 397
824 397
825 397
827 397
828 397
830 397
835 397
836 398
836 398
836 398
837 398
838 398
839 398
841 399
842 400
842 400
843 400
843 400
843 400
843 400
843 400
843 400
843 400
843 400
843 400
843 400
843 400
843 400
843 400
843 400
843 400
843 400
843 400
843 400
843 400
843 400
843 400
843 400
843 400
843 400
843 400
843 400
843 400
843 400
843 400
843 400
843 400
843 400
843 400
843 400
843 400
843 400
843 400
843 400
843 400
843 400
843 400
843 400
843 400
843 400
843 400
843 400
843 400
843 400
843 400
843 400
843 400
843 400
843 400
843 400
843 400
843 400
843 400
843 400
843 400
843 400
843 400
843 400
843 400
843 400
843 400
843 400
843 400
843 400
843 400
843 400
843 400
843 400
843 400
843 400
843 401
843 401
843 401
843 401
843 401
843 401
843 401
843 401
843 401
843 401
843 401
843 401
843 401
843 401
843 401
843 401
843 401
843 401
843 401
843 401
843 401
843 401
843 401
843 401
843 401
843 401
843 401
843 401
843 401
843 401
843 401
843 401
843 401
843 401
843 401
843 401
843 401
843 401
843 401
843 401
843 401
843 401
843 401
843 401
843 401
843 401
843 401
843 401
843 401
843 401
843 401
843 401
843 401
843 401
843 401
843 401
843 401
843 401
843 401
843 401
843 401
843 401
843 401
843 401
843 401
843 401
843 401
843 401
843 401
843 401
843 401
843 401
843 401
843 401
843 401
843 401
843 401
843 401
843 401
843 401
843 401
843 401
843 401
843 401
843 401
843 401
843 401
843 401
843 403
844 404
844 404
844 405
844 405
844 406
845 407
846 408
846 408
846 408
846 408
846 408
847 411
848 412
849 413
849 413
849 413
849 413
850 414
850 414
850 414
850 414
850 414
851 414
851 414
851 415
852 416
854 418
855 419
856 420
857 421
859 423
860 423
863 424
864 426
865 427
866 428
867 428
867 428
868 429
869 429
869 430
869 430
869 430
870 430
870 430
870 430
870 430
870 431
870 431
870 431
870 431
871 432
872 432
872 433
875 434
879 437
885 440
886 441
890 442
891 445
893 446
895 447
900 450
901 452
906 453
911 459
920 462
924 465
927 467
933 469
935 470
936 471
938 471
939 472
946 475
955 476
962 481
967 482
970 482
971 482
972 483
975 484
979 484
982 485
984 485
990 486
998 489
1003 491
1009 493
1013 493
1015 493
1016 493
1017 493
1018 494
1019 494
1020 495
1020 495
1020 495
1020 495
1020 495
1020 495
1020 495
1020 495
1020 495
1020 495
1020 495
1020 495
1020 495
1020 495
1020 495
1020 495
1020 495
1021 496
1022 499
1023 502
1027 506
1028 510
1031 515
1031 519
1032 526
1032 531
1035 540
1036 549
1040 564
1043 575
1047 581
1047 591
1050 596
1051 599
1051 600
1052 600
1052 600
1052 600
1052 600
1052 600
1052 600
1052 600
1052 600
1052 600
1052 600
1052 600
1052 600
1052 600
1052 600
1052 600
1052 600
1052 600
1052 600
1052 600
1053 600
1053 601
1054 601
1054 601
1054 601
1055 601
1055 602
1056 602
1056 602
1057 603
1059 604
1063 604
1064 604
1064 604
1064 604
1064 604
1064 605
1064 605
1064 605
1064 605
1064 605
1064 605
1064 605
1064 605
1064 605
1064 605
1064 605
1064 605
1064 605
1064 605
1064 605
1064 605
1064 605
1064 605
1064 605
1064 607
1065 607
1066 608
1066 609
1067 610
1068 610
1068 610
1068 610
1069 611
1070 613
1073 614
1075 615
1077 616
1080 618
1082 619
1085 620
1087 622
1088 622
1088 622
1088 622
1088 622
1088 622
1088 622
1088 622
1089 622
1089 622
1089 622
1089 622
1089 622
1089 622
1089 622
1089 622
1089 622
1089 622
1089 622
1089 622
1089 622
1089 622
1089 622
1089 622
1089 622
1089 622
1089 622
1089 622
1089 622
1089 622
1089 622
1089 622
1089 622
1089 622
1089 622
1089 622
1089 622
1089 622
1089 622
1089 622
1089 622
1089 622
1089 622
1089 622
1089 622
1089 622
1089 622
1089 622
1089 622
1089 622
1089 622
1089 622
1089 622
1089 622
1089 622
1089 622
1089 622
1089 622
1089 622
1089 622
1089 622
1089 622
1089 622
1089 622
1089 622
1089 622
1089 622
1089 622
1089 622
1089 622
1089 622
1089 622
1089 622
1089 622
1089 622
1089 622
1089 622
1089 622
1089 622
1089 622
1089 622
1089 622
1089 622
1089 622
1089 622
1089 622
1089 622
1089 622
1089 622
1089 622
1089 622
1089 622
1089 622
1089 622
1089 622
1089 622
1089 622
1089 622
1089 622
1089 622
1089 622
1089 622
1089 622
1089 622
1089 622
1089 622
1089 622
1089 622
1089 622
1089 622
1089 622
1089 622
1089 622
1089 622
1089 622
1089 622
1089 622
1089 622
1089 622
1089 622
1089 622
1089 622
1089 622
1089 622
1089 622
1089 622
1089 622
1089 622
1089 622
1089 622
1089 622
1089 622
1089 622
1089 622
1089 622
1089 622
1089 622
1089 622
1089 622
1089 622
1089 622
1089 622
1089 622
1089 622
1089 622
1089 622
1089 622
1089 622
1089 622
1089 622
1089 622
1089 622
1089 622
1089 622
1089 622
1089 622
1089 622
1089 622
1089 622
1089 622
1089 622
1089 622
1089 622
1089 622
1089 622
1089 622
1089 622
1089 622
1089 622
1089 622
1089 622
1089 622
1089 622
1089 622
1089 622
1088 622
1088 622
1088 622
1088 622
1088 622
1088 623
1088 623
1088 623
1088 623
1088 623
1087 623
1087 624
1087 624
1087 624
1087 624
1087 624
1087 624
1087 624
1087 625
1087 625
1086 627
1084 628
1083 631
1082 635
1081 638
1081 638
1081 639
1081 639
1081 639
1081 639
1080 639
1080 639
1080 639
1079 639
1079 639
1079 639
1079 639
1079 639
1079 639
1079 639
1079 639
1079 639
1079 639
1079 639
1079 639
1079 639
1079 639
1079 639
1079 639
1079 639
1079 639
1079 639
1079 639
1079 639
1079 639
1079 639
1079 639
1079 639
1079 639
1079 639
1079 639
1079 639
1079 639
1079 639
1079 639
1079 639
1079 639
1079 639
1079 639
1079 639
1079 639
1079 639
1079 639
1079 639
1079 639
1079 639
1079 639
1079 639
1079 639
1079 639
1079 639
1079 639
1079 639
1079 639
1079 639
1079 639
1079 639
1079 639
1079 639
1079 639
1079 639
1079 639
1079 639
1079 639
1079 639
1079 639
1079 639
1079 639
1079 639
1079 639
1079 639
1079 639
1079 639
1079 639
1079 639
1079 639
1079 639
1079 639
1079 639
1079 639
1079 639
1079 639
1079 639
1079 639
1079 639
1079 639
1079 639
1079 639
1079 639
1079 639
1079 639
1079 639
1079 639
1079 639
1079 639
1079 639
1079 639
1079 639
1079 639
1079 639
1079 639
1079 639
1079 639
1079 639
1079 639
1079 639
1079 639
1079 639
1079 639
1079 639
1079 639
1079 639
1079 639
1079 639
1079 639
1079 639
1079 639
1079 639
1079 639
1079 639
1079 639
1079 639
1079 639
1079 639
1079 639
1079 639
1079 639
1079 639
1079 639
1079 639
1079 639
1079 639
1079 639
1079 639
1079 639
1079 639
1079 639
1079 639
1079 639
1079 639
1079 639
1079 639
1079 639
1079 639
1079 639
1079 639
1079 639
1079 639
1079 639
1079 639
1079 639
1079 639
1079 639
1079 639
1079 639
1079 639
1079 639
1079 639
1079 639
1079 639
1079 639
1079 639
1079 639
1079 639
1079 639
1079 639
1079 639
1079 639
1079 639
1079 639
1079 639
1079 639
1079 639
1079 639
1079 639
1079 639
1079 639
1079 639
1079 639
1079 639
1079 639
1079 639
1079 639
1079 639
1079 639
1079 639
1079 639
1079 639
1079 639
1079 639
1079 639
1079 639
1079 639
1079 639
1079 639
1079 639
1079 639
1079 639
1079 639
1079 639
1079 639
1079 639
1079 639
1079 639
1079 639
1079 639
1079 639
1079 639
1079 639
1079 639
1079 639
1079 639
1079 639
1079 639
1079 639
1079 639
1079 639
1079 639
1079 639
1079 639
1079 639
1079 639
1079 639
1079 639
1079 639
1079 639
1079 639
1079 639
1079 639
1079 639
1079 639
1079 639
1079 639
1079 639
1079 639
1079 639
1079 639
1079 639
1079 639
1079 639
1079 639
1079 639
1079 639
1079 639
1079 639
1079 639
1079 639
1079 639
1079 639
1079 639
1079 639
1079 639
1079 639
1079 639
1079 639
1079 639
1079 639
1079 639
1079 639
1079 639
1079 639
1079 639
1079 639
1079 639
1079 639
1079 639
1079 639
1079 639
1079 639
1079 639
1079 639
1079 639
1079 639
1079 639
1079 639
1079 639
1079 639
1079 639
1079 639
1079 639
1079 639
1079 639
1079 639
1079 639
1079 639
1079 639
1079 639
1079 639
1079 639
1079 639
1079 639
1079 639
1079 639
1079 639
1079 639
1079 639
1079 639
1079 639
1079 639
1079 639
1079 639
1079 639
1079 639
1079 639
1079 639
1079 639
1079 639
1079 639
1079 639
1079 639
1079 639
1079 639
1079 639
1079 639
1079 639
1079 639
1079 639
1079 639
1079 639
1079 639
1079 639
1079 639
1079 639
1079 639
1079 639
1079 639
1079 639
1079 639
1079 639
1079 639
1079 639
1079 639
1079 639
1079 639
1079 639
1079 639
1079 639
1079 639
1079 639
1079 639
1079 639
1079 639
1079 639
1079 639
1079 639
1079 639
1079 639
1079 639
1079 639
1079 639
1079 639
1079 639
1079 639
1079 639
1079 639
1079 639
1079 639
1079 639
1079 639
1079 639
1079 639
1079 639
1079 639
1079 639
1079 639
1079 639
1079 639
1079 639
1079 639
1079 639
1079 639
1079 639
1079 639
1079 639
1079 639
1079 639
1079 639
1079 639
1079 639
1079 639
1079 639
1079 639
1079 639
1079 639
1079 639
1079 639
1079 639
1079 639
1079 639
1079 639
1079 639
1079 639
1079 639
1079 639
1079 639
1079 639
1079 639
1079 639
1079 639
1079 639
1079 639
1079 639
1079 639
1079 639
1079 639
1079 639
1079 639
1079 639
1079 639
1079 639
1079 639
1079 639
1079 639
1079 639
1079 639
1079 639
1079 639
1079 639
1079 639
1079 639
1079 639
1079 639
1079 639
1079 639
1079 639
1079 639
1079 639
1079 639
1079 639
1079 638
1079 638
1079 638
1079 638
1079 638
1079 638
1079 638
1079 638
1079 638
1079 638
1079 638
1079 638
1079 638
1079 638
1079 638
1079 638
1079 638
1079 638
1079 638
1079 638
1079 638
1079 638
1079 638
1080 638
1080 638
1080 638
1080 638
1082 636
1083 634
1086 633
1087 632
1088 631
1089 631
1091 629
1092 628
1094 627
1097 625
1098 624
1098 624
1098 623
1099 623
1100 622
1101 622
1102 620
1103 618
1104 617
1106 616
1109 615
1112 613
1113 610
1115 609
1116 608
1116 608
1117 607
1118 607
1119 606
1120 605
1122 601
1123 600
1124 599
1124 599
1124 599
1124 599
1124 599
1124 599
1124 599
1124 599
1124 599
1124 599
1124 599
1124 599
1124 599
1124 599
1124 599
1124 599
1124 599
1124 599
1124 599
1124 599
1124 599
1124 599
1124 599
1124 599
1124 599
1124 599
1124 599
1124 599
1124 599
1124 599
1124 599
1124 599
1124 599
1124 599
1124 599
1124 599
1124 599
1124 599
1124 599
1124 599
1124 599
1124 599
1124 599
1124 599
1124 599
1124 599
1124 599
1124 599
1124 599
1124 599
1124 599
1124 599
1124 599
1124 599
1124 599
1124 599
1124 599
1124 599
1124 599
1124 599
1124 599
1124 599
1124 599
1124 599
1124 599
1124 599
1124 599
1124 599
1124 599
1124 599
1124 599
1124 599
1124 599
1124 599
1124 599
1124 599
1124 599
1124 599
1124 599
1124 599
1124 599
1124 599
1124 599
1124 599
1124 599
1124 599
1124 599
1124 599
1124 599
1124 599
1124 599
1124 599
1124 599
1124 599
1124 599
1124 599
1124 599
1124 599
1124 599
1124 599
1124 599
1124 599
1124 599
1124 599
1124 599
1124 599
1124 599
1124 599
1124 599
1124 599
1124 599
1124 599
1124 599
1124 599
1124 599
1124 599
1124 599
1124 599
1124 599
1124 599
1124 599
1124 599
1124 599
1124 599
1124 599
1124 599
1124 599
1124 599
1124 599
1124 599
1124 599
1124 599
1124 599
1124 599
1124 599
1124 599
1124 599
1124 599
1124 599
1124 599
1124 599
1124 599
1124 599
1124 599
1124 599
1124 599
1124 599
1124 599
1124 599
1124 599
1124 599
1124 599
1124 599
1124 598
1124 598
1124 598
1124 598
1124 598
1124 598
1124 598
1124 598
1124 598
1124 598
1124 598
1124 598
1124 598
1124 597
1124 594
1124 591
1124 590
1124 589
1124 588
1124 588
1125 587
1125 586
1126 584
1126 582
1126 581
1126 581
1126 581
1127 580
1128 579
1129 575
1130 571
1133 567
1133 564
1134 560
1135 558
1136 558
1137 557
1137 555
1138 554
1138 553
1138 552
1139 552
1139 551
1139 551
1140 551
1141 550
1142 546
1145 544
1149 539
1153 535
1159 527
1160 525
1162 523
1163 521
1165 520
1166 519
1166 518
1166 518
1167 517
1167 516
1169 515
1170 515
1171 512
1173 509
1174 509
1175 507
1176 506
1177 504
1179 500
1182 498
1184 496
1185 494
1185 492
1186 489
1189 487
1191 483
1192 482
1193 479
1193 479
1194 476
1194 473
1194 471
1195 470
1195 469
1195 469
1196 468
1196 468
1196 468
1196 467
1196 467
1196 465
1196 464
1197 461
1197 459
1197 456
1196 454
1196 453
1196 452
1196 451
1195 449
1195 447
1195 445
1195 445
1195 444
1195 443
1195 443
1195 442
1195 439
1198 435
1201 430
1202 424
1206 419
1207 414
1208 412
1208 411
1209 410
1209 410
1209 410
1210 410
1210 410
1210 410
1210 409
1211 409
1211 408
1211 408
1211 408
1211 408
1211 408
1211 408
1211 408
1211 408
1211 408
1211 408
1211 408
1211 408
1211 408
1211 408
1211 408
1211 408
1211 408
1211 408
1211 408
1211 408
1211 408
1211 408
1211 408
1211 408
1211 408
1211 408
1211 408
1211 408
1211 408
1211 408
1211 408
1211 408
1211 408
1211 408
1211 408
1211 408
1211 408
1211 408
1211 408
1211 408
1211 408
1211 408
1211 408
1211 408
1211 408
1211 408
1211 408
1211 408
1211 408
1211 408
1211 408
1211 408
1211 408
1211 408
1211 408
1211 408
1211 408
1211 408
1211 408
1211 408
1211 408
1211 408
1211 408
1211 408
1211 408
1211 408
1211 408
1211 408
1211 408
1212 408
1212 408
1212 408
1212 408
1212 408
1212 408
1212 408
1212 408
1212 408
1212 408
1212 408
1212 408
1212 408
1212 408
1212 408
1212 408
1212 408
1212 408
1212 408
1212 408
1212 408
1212 408
1212 408
1213 408
1213 408
1213 408
1213 408
1213 408
1213 408
1213 408
1213 408
1213 408
1213 408
1213 408
1213 408
1213 408
1213 408
1213 408
1213 408
1213 408
1213 408
1213 408
1213 408
1213 408
1213 408
1213 408
1213 408
1213 408
1213 408
1213 408
1213 408
1213 408
1213 408
1213 408
1213 408
1213 408
1213 408
1213 408
1213 408
1213 408
1213 408
1213 408
1213 408
1213 408
1213 408
1213 408
1213 408
1213 408
1213 408
1213 408
1213 407
1213 407
1213 407
1213 407
1213 407
1213 407
1213 407
1213 407
1213 407
1213 407
1213 407
1213 407
1213 407
1213 407
1213 407
1213 407
1213 407
1213 407
1213 407
1213 407
1213 407
1213 407
1213 407
1213 407
1213 407
1213 407
1213 407
1213 407
1213 407
1213 407
1213 407
1213 407
1213 407
1213 407
1213 407
1213 407
1213 407
1213 407
1213 407
1213 407
1213 407
1213 407
1213 407
1213 407
1213 407
1213 407
1213 407
1213 407
1213 407
1213 407
1213 407
1213 407
1213 407
1213 407
1213 407
1214 407
1214 407
1214 407
1214 407
1214 407
1214 407
1214 407
1214 407
1214 407
1214 407
1214 407
1214 407
1214 407
1214 407
1214 407
1214 407
1214 407
1214 407
1214 407
1214 407
1214 407
1214 407
1214 407
1214 407
1214 407
1214 407
1214 407
1214 407
1214 407
1214 407
1214 407
1214 407
1214 407
1214 407
1214 407
1214 407
1214 407
1214 407
1214 407
1214 407
1214 407
1214 407
1214 407
1214 407
1214 407
1214 407
1214 407
1214 407
1214 407
1214 407
1214 407
1214 407
1214 407
1214 407
1214 407
1214 407
1214 407
1214 407
1214 407
1214 407
1214 407
1214 407
1214 407
1214 407
1214 407
1214 407
1214 407
1214 407
1214 407
1213 407
1213 407
1213 407
1213 407
1213 407
1212 407
1212 407
1212 407
1212 407
1211 407
1211 407
1211 407
1209 407
1208 406
1204 405
1197 404
1186 404
1173 402
1158 400
1133 400
1104 398
1068 400
1033 402
1000 402
984 404
983 404
983 404
983 404
983 404
983 404
983 404
983 404
983 404
983 404
983 404
983 404
983 404
983 404
983 404
983 404
983 405
983 405
983 405
984 405
984 407
986 410
990 414
996 424
999 430
1006 438
1009 443
1013 447
1016 451
1020 456
1021 459
1021 462
1021 464
1022 465
1023 466
1023 467
1022 469
1020 472
1017 477
1017 479
1015 483
1011 489
1010 493
1009 496
1008 501
1005 505
1002 512
998 518
995 528
994 533
994 540
992 545
992 548
990 551
988 552
988 555
986 558
984 561
982 565
981 568
977 574
974 578
964 584
958 592
946 599
934 608
922 613
921 616
919 616
918 617
914 619
907 622
904 623
901 624
900 624
900 625
898 625
893 627
889 628
884 630
875 632
871 633
869 635
868 635
868 636
868 636
868 636
868 636
867 636
867 636
866 636
866 637
866 637
866 637
865 637
865 638
865 639
865 642
861 646
859 648
858 650
857 652
854 656
853 660
852 665
852 671
850 676
849 680
849 682
847 684
847 686
847 686
847 686
847 687
847 687
847 687
847 687
847 688
847 688
847 689
847 689
847 689
847 689
847 690
845 692
843 696
845 698
847 711
847 714
847 716
848 720
848 721
849 724
848 727
848 729
848 732
849 734
847 738
847 740
847 742
847 742
847 742
847 742
847 743
844 747
842 750
841 753
843 759
844 766
845 771
845 774
847 779
848 782
846 784
845 787
845 788
845 788
847 788
847 791
848 792
848 794
848 797
848 799
848 799
849 802
849 804
849 806
849 810
849 813
849 814
849 815
849 816
849 816
849 816
849 816
849 816
849 817
849 822
849 824
849 825
849 825
849 826
850 826
850 826
850 826
850 826
850 826
850 828
849 834
849 837
849 840
849 841
849 842
848 843
847 844
845 845
845 846
845 848
844 850
843 853
842 856
841 858
841 860
840 861
840 861
839 862
837 862
836 863
836 863
835 865
835 865
834 866
833 867
832 868
830 869
829 869
829 869
828 869
828 869
827 869
826 869
822 870
818 870
815 870
812 870
809 869
805 870
801 870
796 870
793 869
785 869
779 867
774 867
771 867
764 869
759 871
753 871
750 871
748 871
745 871
743 871
737 871
732 871
730 871
728 871
726 871
724 871
719 871
715 870
708 870
702 870
697 870
692 869
689 870
686 869
683 869
681 869
677 869
671 868
666 868
656 868
642 866
628 866
615 866
601 866
589 866
582 866
575 866
573 866
572 866
570 866
568 866
566 868
565 868
565 868
565 868
565 868
565 868
564 868
564 868
564 868
562 868
559 868
557 868
554 868
552 868
552 868
551 868
551 868
550 867
548 867
548 867
546 867
542 867
539 865
538 864
537 864
532 863
530 862
526 862
525 862
522 862
520 861
519 861
515 860
512 859
508 859
502 857
493 855
489 854
488 853
487 853
487 852
486 852
486 852
486 852
486 851
486 851
486 851
486 851
485 850
485 850
485 849
485 848
484 847
482 846
482 844
481 841
480 840
478 839
478 836
477 834
477 832
476 831
475 830
472 828
472 826
471 821
468 811
465 800
464 795
461 784
456 773
451 763
450 760
450 758
449 756
448 754
446 750
445 747
445 745
443 743
442 742
441 739
438 737
437 735
437 732
434 731
433 729
432 726
432 723
430 721
429 719
428 715
427 713
425 710
424 709
424 707
423 706
423 704
422 702
421 700
420 696
420 695
420 692
418 690
416 686
416 683
415 681
415 679
415 677
415 676
415 674
415 671
415 669
414 667
414 665
414 664
414 662
413 658
413 655
412 653
410 651
410 649
409 646
409 643
409 639
409 635
409 629
411 623
412 616
413 609
416 603
417 595
417 593
418 591
418 587
418 584
418 583
418 581
418 578
420 570
421 561
421 553
423 545
423 539
423 532
424 528
424 525
424 522
424 522
424 521
425 521
425 521
426 519
428 516
432 511
435 505
439 502
443 496
444 494
445 491
446 488
450 486
454 482
458 478
461 478
462 478
463 477
467 474
471 470
480 465
485 461
490 458
491 456
495 455
497 454
498 454
499 453
499 453
501 453
506 451
512 449
514 446
520 441
526 440
529 439
530 439
530 438
531 438
531 438
531 437
532 437
532 437
534 437
541 434
547 433
554 430
559 429
560 429
561 429
562 428
562 428
562 428
563 428
564 427
566 426
572 423
582 422
597 418
608 415
614 412
617 412
618 412
621 412
624 412
626 412
628 411
634 410
639 410
641 409
644 409
649 407
655 406
659 406
665 406
670 406
673 405
676 405
681 403
685 403
686 403
688 403
693 403
696 403
701 403
709 403
718 402
726 402
737 402
747 402
755 401
760 401
770 401
777 401
781 399
784 399
789 399
792 398
799 398
804 398
812 398
823 398
835 398
852 397
872 395
883 393
886 393
888 392
890 392
895 391
899 391
901 391
902 391
903 391
906 390
909 390
912 390
915 390
925 392
929 392
933 392
939 390
941 390
942 390
942 390
943 390
944 390
956 389
973 387
981 387
982 387
982 387
982 387
982 387
982 387
983 387
984 387
988 388
989 388
990 389
990 389
990 389
990 390
990 390
990 390
990 391
990 391
990 391
990 391
990 391
991 394
991 397
993 401
995 401
996 403
997 407
997 408
997 409
997 410
995 411
995 413
995 414
995 415
994 417
994 418
993 419
993 421
993 422
992 423
992 424
992 425
992 426
991 427
989 432
989 433
989 434
989 435
989 435
989 436
990 439
990 446
990 457
992 470
992 476
992 484
989 490
989 494
987 498
987 503
987 504
986 505
986 508
984 511
983 517
983 522
983 526
983 531
980 537
980 547
980 553
981 557
981 562
981 565
981 566
982 571
982 574
982 578
985 582
985 586
986 590
987 595
990 604
998 611
1007 627
1016 639
1029 654
1047 663
1064 674
1080 682
1094 689
1104 692
1107 693
1109 694
1112 695
1114 697
1116 698
1119 698
1122 698
1125 700
1128 700
1132 701
1138 702
1147 705
1156 707
1164 708
1168 709
1169 709
1171 710
1172 710
1173 711
1182 716
1185 717
1190 721
1197 725
1205 730
1213 740
1225 745
1232 749
1238 751
1239 752
1240 752
1240 752
1244 753
1246 758
1253 763
1257 768
1260 774
1263 787
1267 796
1269 805
1272 809
1274 812
1274 812
1274 812
1274 812
1274 812
1274 813
1274 815
1274 817
1274 819
1274 822
1273 824
1272 828
1272 829
1272 830
1271 831
1271 831
1271 831
1270 832
1269 832
1269 833
1269 834
1269 834
1269 834
1268 836
1268 837
1267 839
1267 840
1267 841
1266 841
1266 843
1265 845
1265 848
1265 850
1264 853
1264 856
1262 863
1262 868
1262 871
1262 874
1262 875
1262 876
1262 877
1262 878
1262 878
1262 878
1262 878
1262 879
1262 879
1262 879
1262 880
1263 880
1263 881
1264 884
1265 888
1269 893
1270 895
1273 897
1274 898
1275 900
1276 900
1277 901
1278 902
1278 905
1278 905
1279 905
1279 905
1279 906
1281 906
1284 906
1288 905
1289 905
1290 905
1290 905
1292 905
1300 905
1309 907
1316 907
1323 906
1325 906
1326 906
1327 906
1328 906
1334 905
1338 901
1342 897
1348 893
1353 883
1358 876
1360 867
1363 861
1368 846
1373 832
1376 819
1376 806
1376 793
1377 782
1377 766
1379 760
1377 754
1377 744
1377 736
1377 728
1377 718
1379 709
1380 698
1381 688
1385 675
1388 660
1390 649
1395 633
1400 617
1405 608
1408 599
1408 596
1412 590
1414 585
1416 583
1418 579
1421 575
1423 571
1428 564
1432 561
1433 557
1437 555
1441 551
1443 548
1447 544
1447 542
1449 541
1450 540
1451 538
1453 533
1457 530
1459 523
1467 517
1473 511
1474 510
1475 509
1476 509
1476 509
1476 509
1477 509
1477 508
1477 507
1479 506
1482 501
1484 500
1485 499
1486 498
1486 497
1486 497
1487 495
1488 493
1494 491
1495 488
1496 487
1499 483
1504 476
1507 472
1511 468
1513 464
1516 458
1520 451
1524 443
1529 436
1533 432
1533 430
1533 430
1533 429
1533 429
1533 429
1533 429
1532 429
1531 426
1531 423
1531 421
1531 420
1531 419
1531 419
1531 419
1531 419
1530 419
1529 418
1528 417
1529 415
1529 415
1529 414
1529 413
1528 411
1527 411
1527 410
1527 407
1527 405
1526 404
1526 403
1525 402
1525 401
1526 399
1526 398
1525 395
1525 391
1525 387
1524 384
1522 379
1520 372
1519 369
1518 364
1517 363
1515 358
1515 356
1514 353
1513 349
1509 347
1508 343
1507 339
1505 335
1503 334
1502 333
1499 330
1495 328
1491 324
1485 318
1477 311
1466 308
1461 307
1460 306
1460 305
1457 304
1454 302
1450 302
1446 301
1441 300
1438 299
1436 298
1433 297
1430 297
1427 294
1415 291
1407 290
1398 288
1392 286
1390 284
1382 284
1374 281
1367 280
1360 280
1350 280
1344 280
1338 277
1328 277
1323 277
1314 276
1311 275
1306 274
1300 272
1297 271
1292 271
1288 270
1285 269
1282 268
1278 268
1271 268
1266 267
1262 267
1258 265
1254 264
1251 263
1248 263
1247 262
1245 261
1245 261
1245 261
1245 261
1245 260
1245 260
1245 260
1245 260
1245 260
1245 260
1245 260
1245 259
1245 259
1244 258
1239 254
1234 252
1229 251
1223 248
1221 248
1219 248
1218 246
1215 245
1211 244
1208 243
1205 240
1198 239
1196 238
1194 237
1193 236
1190 236
1186 235
1185 235
1182 233
1178 233
1171 229
1170 229
1165 228
1163 227
1156 227
1153 226
1142 226
1128 224
1103 220
1084 218
1065 216
1045 213
1032 211
1029 211
1027 211
1025 211
1024 211
1023 211
1023 211
1022 211
1022 211
1021 211
1021 211
1019 212
1018 212
1013 216
1001 221
994 224
992 226
991 227
991 227
991 227
991 227
989 228
986 230
985 232
983 236
979 244
977 248
976 253
973 260
971 267
968 278
963 289
956 299
953 306
945 317
942 322
942 325
941 327
939 329
939 331
939 333
939 340
938 348
938 359
938 372
936 386
936 400
938 413
939 427
941 442
941 454
943 463
944 469
946 477
946 485
946 491
946 494
948 502
948 509
950 519
951 529
953 542
954 550
957 557
957 564
960 574
961 579
963 582
963 584
963 586
963 589
964 592
964 596
964 603
964 607
964 615
964 622
964 630
964 636
964 639
964 641
963 644
962 646
961 651
960 652
959 655
957 661
955 664
955 666
955 666
955 666
955 666
954 666
952 666
951 670
951 674
951 675
950 675
949 676
948 677
947 678
946 679
944 681
943 684
941 686
940 687
937 689
935 690
935 691
935 691
934 691
934 693
932 693
931 695
927 698
921 702
919 704
915 708
912 708
911 710
910 710
909 712
907 712
907 712
906 712
903 715
902 717
900 719
898 720
896 720
893 722
890 726
887 729
881 730
875 734
869 737
867 738
866 741
865 742
864 743
864 746
864 748
863 753
863 757
861 761
861 766
861 768
860 773
860 778
858 793
855 802
853 807
850 813
850 814
849 815
849 815
847 815
841 821
839 824
835 826
834 827
834 827
834 827
834 827
834 827
834 827
834 827
833 827
832 828
828 828
824 828
820 829
812 829
808 831
807 831
807 831
807 831
807 831
807 831
807 831
805 831
803 831
794 829
790 829
784 828
776 827
769 827
760 827
756 825
746 824
736 822
722 822
709 819
692 817
673 813
660 815
651 813
648 813
644 812
642 811
638 812
637 812
632 812
626 810
615 807
608 805
594 804
585 801
577 799
570 798
563 795
557 792
553 791
549 790
546 789
541 786
531 785
525 782
514 779
506 776
497 773
493 772
493 772
492 772
491 772
490 772
490 772
489 772
487 771
482 770
478 770
467 766
458 765
448 763
445 762
443 762
441 762
438 762
432 762
429 762
423 762
410 766
398 769
396 770
394 771
392 772
390 772
389 773
387 774
379 779
370 783
358 790
344 799
331 809
319 818
312 823
308 824
304 829
300 833
296 833
294 835
293 836
290 837
289 837
289 838
289 838
288 838
287 839
286 839
285 841
278 842
270 847
253 851
234 858
226 862
221 862
221 863
218 865
218 865
218 865
218 865
218 865
217 865
217 865
217 865
217 865
217 865
217 865
217 865
217 865
217 865
217 865
217 864
217 864
217 864
217 863
217 859
216 856
213 852
212 851
212 849
211 848
211 847
210 845
210 845
209 844
209 843
208 843
208 837
208 831
208 828
204 822
204 817
204 814
202 811
202 809
202 806
202 804
202 801
202 797
204 791
205 786
205 779
205 774
205 772
205 768
205 767
205 765
205 761
205 759
203 754
202 751
202 748
202 747
202 745
202 744
202 740
202 737
202 734
202 731
202 728
202 726
202 723
202 721
203 716
203 713
204 707
205 700
207 695
208 691
209 689
210 686
210 682
213 677
214 674
214 670
217 663
218 661
218 656
218 654
219 651
220 648
220 645
221 642
224 637
227 628
231 620
238 608
241 603
242 599
243 596
245 590
245 587
246 584
246 582
246 578
247 576
249 572
249 570
250 568
252 561
252 558
254 555
254 555
255 553
255 547
255 545
256 542
256 541
257 539
257 535
257 533
257 532
257 530
257 529
257 526
257 524
257 522
257 522
257 521
257 521
257 520
257 520
257 520
257 519
257 518
257 516
257 513
254 506
254 503
254 496
251 492
248 487
250 481
249 476
249 472
249 466
250 463
250 459
252 453
252 452
252 447
252 445
252 442
252 440
252 437
253 434
252 431
252 430
252 429
255 428
255 428
255 428
255 427
256 427
256 426
257 426
257 426
258 424
260 421
261 417
263 416
268 411
270 410
271 410
271 409
272 409
272 409
272 409
272 409
272 409
272 409
273 409
273 408
273 408
274 408
277 403
291 398
295 394
301 391
307 390
308 389
313 386
323 382
329 381
331 378
334 377
341 374
345 373
352 370
363 367
370 364
375 363
377 363
379 363
382 360
384 359
392 356
399 355
408 352
421 350
430 349
433 349
434 349
434 349
434 349
435 349
436 349
441 346
451 344
460 344
469 343
480 341
491 341
501 340
507 340
515 339
519 337
521 337
524 337
526 337
532 337
540 337
552 339
560 342
569 342
576 342
581 343
584 343
587 343
589 343
590 344
591 344
592 344
593 344
594 344
597 344
602 344
603 344
605 344
606 345
609 345
617 345
625 345
634 347
640 347
645 347
648 347
651 347
655 347
658 347
663 347
667 347
678 347
689 347
699 347
709 347
714 347
719 347
722 347
723 347
726 347
728 347
729 347
729 347
730 347
731 347
732 347
734 347
735 346
741 344
747 343
755 341
762 340
770 336
775 334
782 333
787 332
789 330
792 328
793 327
794 326
794 326
796 325
799 324
800 324
800 324
801 323
801 323
801 323
801 323
802 322
802 321
802 320
804 319
805 318
806 317
808 314
809 313
809 310
812 307
815 306
816 304
817 303
817 303
817 301
817 301
817 301
818 301
818 300
819 297
820 296
820 295
820 294
820 294
820 294
821 294
821 293
821 293
823 291
826 287
829 285
831 279
834 278
835 276
836 276
836 274
836 274
837 274
837 274
837 274
838 274
840 274
840 274
840 272
843 271
844 270
844 269
845 269
845 269
845 269
845 269
845 269
845 269
845 269
845 269
845 269
845 269
845 269
845 269
845 269
